$3$28$28$
################################################################################################################################################################################################################################################################################################################################################################################################################################################################################################################################################################################
-68.99487340668458000000	-4.20631565381780200000	-1.45366481537039800000	-4.20631565381780200000	-5.01893663017769600000	-4.86438868476488800000	-4.86438868476488800000	-4.28142010258660300000	-3.40496414668748600000	-2.86534131957655900000	-4.80290033094458100000	-4.42819440642684400000	-3.25307924881331000000	0.73028194105346220000	-3.69723431121411750000	-2.09466908256367020000	-3.78337242826904300000	-3.78337242826904300000	-3.49791427302546900000	-3.40386959122944700000	-3.40386959122944700000	-0.58714455332200890000	-5.07088343198274700000	-1.48634727977739380000	-12.83791896351376700000	-4.10948771021523200000	-4.34149405829919300000	-4.34149405829919300000;
-76.55302585992202000000	4.33720829909328700000	7.08985913754104200000	4.33720829909328700000	4.38661840082787900000	4.37722136342989100000	4.37722136342989100000	4.34650239575914550000	4.11796405625648450000	5.20343836041064640000	3.26587934904350500000	3.35077744489406770000	3.39176800712017800000	7.37512919699069000000	2.61414706243855000000	2.80067629734107860000	1.41234890071301300000	1.41234890071301300000	2.04843027911167400000	2.18703118728195720000	2.18703118728195720000	-23.24580433413874300000	2.80212044491217770000	4.20630205895217100000	-7.14526962478330800000	4.15228777617151300000	4.27647389401953100000	4.27647389401953100000;
-76.55302585992202000000	4.33720829909328700000	7.08985913754104200000	4.33720829909328700000	4.38661840082787900000	4.37722136342989100000	4.37722136342989100000	4.34650239575914550000	4.11796405625648450000	5.20343836041064640000	3.26587934904350500000	3.35077744489406770000	3.39176800712017800000	7.37512919699069000000	2.61414706243855000000	2.80067629734107860000	1.41234890071301300000	1.41234890071301300000	2.04843027911167400000	2.18703118728195720000	2.18703118728195720000	-23.24580433413874300000	2.80212044491217770000	4.20630205895217100000	-7.14526962478330800000	4.15228777617151300000	4.27647389401953100000	4.27647389401953100000;
-49.84390957502517000000	2.25710358631606800000	5.00975442475597200000	2.25710358631606800000	2.28117525235949800000	0.78109903949576360000	2.32865484697529900000	2.30102462820814150000	2.10698801368572660000	3.75088768502602580000	1.81332867367008800000	6.22115691269926100000	1.46980244699036600000	4.05922007666206000000	1.19180654175460800000	1.24183730817325570000	0.86199844332225600000	0.86199844332225600000	0.63424212700651480000	0.68749768135478440000	0.68749768135478440000	4.89593536653841900000	0.90177518050360480000	1.98396787228997180000	-9.36760381143522200000	2.17965297242958200000	2.46795654420218700000	2.46795654420218700000;
-49.84390957502517000000	2.25710358631606800000	5.00975442475597200000	2.25710358631606800000	2.28117525235949800000	0.78109903949576360000	2.32865484697529900000	2.30102462820814150000	2.10698801368572660000	3.75088768502602580000	1.81332867367008800000	6.22115691269926100000	1.46980244699036600000	4.05922007666206000000	1.19180654175460800000	1.24183730817325570000	0.86199844332225600000	0.86199844332225600000	0.63424212700651480000	0.68749768135478440000	0.68749768135478440000	4.89593536653841900000	0.90177518050360480000	1.98396787228997180000	-9.36760381143522200000	2.17965297242958200000	2.46795654420218700000	2.46795654420218700000;
-49.84390957502517000000	2.25710358631606800000	5.00975442475597200000	2.25710358631606800000	2.28117525235949800000	0.78109903949576360000	2.32865484697529900000	2.30102462820814150000	2.10698801368572660000	3.75088768502602580000	1.81332867367008800000	6.22115691269926100000	1.46980244699036600000	4.05922007666206000000	1.19180654175460800000	1.24183730817325570000	0.86199844332225600000	0.86199844332225600000	0.63424212700651480000	0.68749768135478440000	0.68749768135478440000	4.89593536653841900000	0.90177518050360480000	1.98396787228997180000	-9.36760381143522200000	2.17965297242958200000	2.46795654420218700000	2.46795654420218700000;
-49.84390957502517000000	2.25710358631606800000	5.00975442475597200000	2.25710358631606800000	2.28117525235949800000	0.78109903949576360000	2.32865484697529900000	2.30102462820814150000	2.10698801368572660000	3.75088768502602580000	1.81332867367008800000	6.22115691269926100000	1.46980244699036600000	4.05922007666206000000	1.19180654175460800000	1.24183730817325570000	0.86199844332225600000	0.86199844332225600000	0.63424212700651480000	0.68749768135478440000	0.68749768135478440000	4.89593536653841900000	0.90177518050360480000	1.98396787228997180000	-9.36760381143522200000	2.17965297242958200000	2.46795654420218700000	2.46795654420218700000;
-49.84390957502517000000	2.25710358631606800000	5.00975442475597200000	2.25710358631606800000	2.28117525235949800000	0.78109903949576360000	2.32865484697529900000	2.30102462820814150000	2.10698801368572660000	3.75088768502602580000	1.81332867367008800000	6.22115691269926100000	1.46980244699036600000	4.05922007666206000000	1.19180654175460800000	1.24183730817325570000	0.86199844332225600000	0.86199844332225600000	0.63424212700651480000	0.68749768135478440000	0.68749768135478440000	4.89593536653841900000	0.90177518050360480000	1.98396787228997180000	-9.36760381143522200000	2.17965297242958200000	2.46795654420218700000	2.46795654420218700000;
-56.50380056926916000000	-4.40278740782920800000	-1.65013656938247080000	-4.40278740782920800000	-5.05262115956451900000	-4.92903282735036300000	-4.92903282735036300000	-4.41397574736389050000	-3.27287731643269700000	-3.21522129993769260000	-5.15278031130414200000	-4.68226268961603400000	-3.12299329947694160000	0.86036789039391670000	-3.99000536593262470000	-2.08366724998063400000	-3.78210956780878400000	-3.78210956780878400000	-3.43096995305496200000	-3.28996144065342970000	-3.28996144065342970000	-0.49165169871660920000	-5.16530953245154700000	-1.14160615409872630000	-12.49317783783370600000	-4.18235131496096550000	-16.00521767201822600000	-4.55316259329784700000;
-49.84390957502517000000	2.25710358631606800000	5.00975442475597200000	2.25710358631606800000	2.28117525235949800000	0.78109903949576360000	2.32865484697529900000	2.30102462820814150000	2.10698801368572660000	3.75088768502602580000	1.81332867367008800000	6.22115691269926100000	1.46980244699036600000	4.05922007666206000000	1.19180654175460800000	1.24183730817325570000	0.86199844332225600000	0.86199844332225600000	0.63424212700651480000	0.68749768135478440000	0.68749768135478440000	4.89593536653841900000	0.90177518050360480000	1.98396787228997180000	-9.36760381143522200000	2.17965297242958200000	2.46795654420218700000	2.46795654420218700000;
-49.84390957502517000000	2.25710358631606800000	5.00975442475597200000	2.25710358631606800000	2.28117525235949800000	0.78109903949576360000	2.32865484697529900000	2.30102462820814150000	2.10698801368572660000	3.75088768502602580000	1.81332867367008800000	6.22115691269926100000	1.46980244699036600000	4.05922007666206000000	1.19180654175460800000	1.24183730817325570000	0.86199844332225600000	0.86199844332225600000	0.63424212700651480000	0.68749768135478440000	0.68749768135478440000	4.89593536653841900000	0.90177518050360480000	1.98396787228997180000	-9.36760381143522200000	2.17965297242958200000	2.46795654420218700000	2.46795654420218700000;
-49.84390957502517000000	2.25710358631606800000	5.00975442475597200000	2.25710358631606800000	2.28117525235949800000	0.78109903949576360000	2.32865484697529900000	2.30102462820814150000	2.10698801368572660000	3.75088768502602580000	1.81332867367008800000	6.22115691269926100000	1.46980244699036600000	4.05922007666206000000	1.19180654175460800000	1.24183730817325570000	0.86199844332225600000	0.86199844332225600000	0.63424212700651480000	0.68749768135478440000	0.68749768135478440000	4.89593536653841900000	0.90177518050360480000	1.98396787228997180000	-9.36760381143522200000	2.17965297242958200000	2.46795654420218700000	2.46795654420218700000;
-49.84390957502517000000	2.25710358631606800000	5.00975442475597200000	2.25710358631606800000	2.28117525235949800000	0.78109903949576360000	2.32865484697529900000	2.30102462820814150000	2.10698801368572660000	3.75088768502602580000	1.81332867367008800000	6.22115691269926100000	1.46980244699036600000	4.05922007666206000000	1.19180654175460800000	1.24183730817325570000	0.86199844332225600000	0.86199844332225600000	0.63424212700651480000	0.68749768135478440000	0.68749768135478440000	4.89593536653841900000	0.90177518050360480000	1.98396787228997180000	-9.36760381143522200000	2.17965297242958200000	2.46795654420218700000	2.46795654420218700000;
-49.84390957502517000000	2.25710358631606800000	5.00975442475597200000	2.25710358631606800000	2.28117525235949800000	0.78109903949576360000	2.32865484697529900000	2.30102462820814150000	2.10698801368572660000	3.75088768502602580000	1.81332867367008800000	6.22115691269926100000	1.46980244699036600000	4.05922007666206000000	1.19180654175460800000	1.24183730817325570000	0.86199844332225600000	0.86199844332225600000	0.63424212700651480000	0.68749768135478440000	0.68749768135478440000	4.89593536653841900000	0.90177518050360480000	1.98396787228997180000	-9.36760381143522200000	2.17965297242958200000	2.46795654420218700000	2.46795654420218700000;
-49.84390957502517000000	2.25710358631606800000	5.00975442475597200000	2.25710358631606800000	2.28117525235949800000	0.78109903949576360000	2.32865484697529900000	2.30102462820814150000	2.10698801368572660000	3.75088768502602580000	1.81332867367008800000	6.22115691269926100000	1.46980244699036600000	4.05922007666206000000	1.19180654175460800000	1.24183730817325570000	0.86199844332225600000	0.86199844332225600000	0.63424212700651480000	0.68749768135478440000	0.68749768135478440000	4.89593536653841900000	0.90177518050360480000	1.98396787228997180000	-9.36760381143522200000	2.17965297242958200000	2.46795654420218700000	2.46795654420218700000;
-49.84390957502517000000	2.25710358631606800000	5.00975442475597200000	2.25710358631606800000	2.28117525235949800000	0.78109903949576360000	2.32865484697529900000	2.30102462820814150000	2.10698801368572660000	3.75088768502602580000	1.81332867367008800000	6.22115691269926100000	1.46980244699036600000	4.05922007666206000000	1.19180654175460800000	1.24183730817325570000	0.86199844332225600000	0.86199844332225600000	0.63424212700651480000	0.68749768135478440000	0.68749768135478440000	4.89593536653841900000	0.90177518050360480000	1.98396787228997180000	-9.36760381143522200000	2.17965297242958200000	2.46795654420218700000	2.46795654420218700000;
-49.84390957502517000000	2.25710358631606800000	5.00975442475597200000	2.25710358631606800000	2.28117525235949800000	0.78109903949576360000	2.32865484697529900000	2.30102462820814150000	2.10698801368572660000	3.75088768502602580000	1.81332867367008800000	6.22115691269926100000	1.46980244699036600000	4.05922007666206000000	1.19180654175460800000	1.24183730817325570000	0.86199844332225600000	0.86199844332225600000	0.63424212700651480000	0.68749768135478440000	0.68749768135478440000	4.89593536653841900000	0.90177518050360480000	1.98396787228997180000	-9.36760381143522200000	2.17965297242958200000	2.46795654420218700000	2.46795654420218700000;
-49.84390957502517000000	2.25710358631606800000	5.00975442475597200000	2.25710358631606800000	2.28117525235949800000	0.78109903949576360000	2.32865484697529900000	2.30102462820814150000	2.10698801368572660000	3.75088768502602580000	1.81332867367008800000	6.22115691269926100000	1.46980244699036600000	4.05922007666206000000	1.19180654175460800000	1.24183730817325570000	0.86199844332225600000	0.86199844332225600000	0.63424212700651480000	0.68749768135478440000	0.68749768135478440000	4.89593536653841900000	0.90177518050360480000	1.98396787228997180000	-9.36760381143522200000	2.17965297242958200000	2.46795654420218700000	2.46795654420218700000;
-49.84390957502517000000	2.25710358631606800000	5.00975442475597200000	2.25710358631606800000	2.28117525235949800000	0.78109903949576360000	2.32865484697529900000	2.30102462820814150000	2.10698801368572660000	3.75088768502602580000	1.81332867367008800000	6.22115691269926100000	1.46980244699036600000	4.05922007666206000000	1.19180654175460800000	1.24183730817325570000	0.86199844332225600000	0.86199844332225600000	0.63424212700651480000	0.68749768135478440000	0.68749768135478440000	4.89593536653841900000	0.90177518050360480000	1.98396787228997180000	-9.36760381143522200000	2.17965297242958200000	2.46795654420218700000	2.46795654420218700000;
-54.72125400286743000000	3.26378767717005270000	6.01643851561570400000	3.26378767717005270000	2.65355080394964830000	2.76960842209513900000	2.76960842209513900000	8.77810783745805000000	-31.99350368357661600000	3.29804244872577220000	1.36048343735723680000	2.07659691692487060000	4.17396970446811450000	8.15733089433503800000	2.11711618361442170000	4.87810831516409300000	1.81420923613975500000	1.81420923613975500000	3.71846637644459180000	4.01119696352607000000	4.01119696352607000000	7.14260284105075200000	1.73079548385833900000	6.89629009712446900000	-4.45528158661213400000	3.30923472525383880000	2.98811871200641250000	-8.42217089258981000000;
-55.62807179802750000000	3.92228323888271020000	6.67493407733234700000	3.92228323888271020000	2.72150674723590540000	2.94987587021378950000	2.94987587021378950000	9.17139820259707000000	-32.76851063797414000000	4.77400257310145000000	2.83644356173490350000	3.12528649685237000000	3.58801803593073900000	7.57137922580054750000	3.44827440424664400000	4.81622871696124000000	1.79970432808988900000	1.79970432808988900000	3.33666598085545550000	3.41832055607660200000	3.41832055607660200000	6.72047558331338100000	-7.83061697508180300000	5.29085388492386000000	-6.06071779881126200000	3.50053403306653980000	3.72930852902130000000	3.72930852902130000000;
-49.84663294879166500000	2.25438021261330500000	5.00703105106306000000	2.25438021261330500000	2.28183631208133160000	0.78111643231221720000	2.32867223978865000000	2.30058989316583730000	2.11476078382552300000	3.74258884628099950000	1.80502983491451240000	6.21597851461598800000	1.47668744097139170000	4.06610507064506000000	1.18590282593609620000	1.24609068616916920000	0.86320780262190160000	0.86320780262190160000	0.63891907022836490000	0.69363156711790140000	0.69363156711790140000	4.90113915023276300000	0.90087681277908220000	1.99866255114732170000	-9.35290913259194500000	2.18042150635351060000	2.46463961360747370000	2.46463961360747370000;
-49.84663294879166500000	2.25438021261330500000	5.00703105106306000000	2.25438021261330500000	2.28183631208133160000	0.78111643231221720000	2.32867223978865000000	2.30058989316583730000	2.11476078382552300000	3.74258884628099950000	1.80502983491451240000	6.21597851461598800000	1.47668744097139170000	4.06610507064506000000	1.18590282593609620000	1.24609068616916920000	0.86320780262190160000	0.86320780262190160000	0.63891907022836490000	0.69363156711790140000	0.69363156711790140000	4.90113915023276300000	0.90087681277908220000	1.99866255114732170000	-9.35290913259194500000	2.18042150635351060000	2.46463961360747370000	2.46463961360747370000;
-49.84663294879166500000	2.25438021261330500000	5.00703105106306000000	2.25438021261330500000	2.28183631208133160000	0.78111643231221720000	2.32867223978865000000	2.30058989316583730000	2.11476078382552300000	3.74258884628099950000	1.80502983491451240000	6.21597851461598800000	1.47668744097139170000	4.06610507064506000000	1.18590282593609620000	1.24609068616916920000	0.86320780262190160000	0.86320780262190160000	0.63891907022836490000	0.69363156711790140000	0.69363156711790140000	4.90113915023276300000	0.90087681277908220000	1.99866255114732170000	-9.35290913259194500000	2.18042150635351060000	2.46463961360747370000	2.46463961360747370000;
-49.84663294879166500000	2.25438021261330500000	5.00703105106306000000	2.25438021261330500000	2.28183631208133160000	0.78111643231221720000	2.32867223978865000000	2.30058989316583730000	2.11476078382552300000	3.74258884628099950000	1.80502983491451240000	6.21597851461598800000	1.47668744097139170000	4.06610507064506000000	1.18590282593609620000	1.24609068616916920000	0.86320780262190160000	0.86320780262190160000	0.63891907022836490000	0.69363156711790140000	0.69363156711790140000	4.90113915023276300000	0.90087681277908220000	1.99866255114732170000	-9.35290913259194500000	2.18042150635351060000	2.46463961360747370000	2.46463961360747370000;
-49.84663294879166500000	2.25438021261330500000	5.00703105106306000000	2.25438021261330500000	2.28183631208133160000	0.78111643231221720000	2.32867223978865000000	2.30058989316583730000	2.11476078382552300000	3.74258884628099950000	1.80502983491451240000	6.21597851461598800000	1.47668744097139170000	4.06610507064506000000	1.18590282593609620000	1.24609068616916920000	0.86320780262190160000	0.86320780262190160000	0.63891907022836490000	0.69363156711790140000	0.69363156711790140000	4.90113915023276300000	0.90087681277908220000	1.99866255114732170000	-9.35290913259194500000	2.18042150635351060000	2.46463961360747370000	2.46463961360747370000;
-49.84663294879166500000	2.25438021261330500000	5.00703105106306000000	2.25438021261330500000	2.28183631208133160000	0.78111643231221720000	2.32867223978865000000	2.30058989316583730000	2.11476078382552300000	3.74258884628099950000	1.80502983491451240000	6.21597851461598800000	1.47668744097139170000	4.06610507064506000000	1.18590282593609620000	1.24609068616916920000	0.86320780262190160000	0.86320780262190160000	0.63891907022836490000	0.69363156711790140000	0.69363156711790140000	4.90113915023276300000	0.90087681277908220000	1.99866255114732170000	-9.35290913259194500000	2.18042150635351060000	2.46463961360747370000	2.46463961360747370000;
-49.84663294879166500000	2.25438021261330500000	5.00703105106306000000	2.25438021261330500000	2.28183631208133160000	0.78111643231221720000	2.32867223978865000000	2.30058989316583730000	2.11476078382552300000	3.74258884628099950000	1.80502983491451240000	6.21597851461598800000	1.47668744097139170000	4.06610507064506000000	1.18590282593609620000	1.24609068616916920000	0.86320780262190160000	0.86320780262190160000	0.63891907022836490000	0.69363156711790140000	0.69363156711790140000	4.90113915023276300000	0.90087681277908220000	1.99866255114732170000	-9.35290913259194500000	2.18042150635351060000	2.46463961360747370000	2.46463961360747370000;
################################################################################################################################################################################################################################################################################################################################################################################################################################################################################################################################################################################
0.02821266672153823300	-0.10627658984971136000	-0.10627658984971136000	0.00264449484021193940	0.00264449484021193940	0.00264449484021193940	0.00264449484021193940	0.00264449484021193940	-0.21535099895427662000	0.00264449484021193940	0.00264449484021193940	0.00264449484021193940	0.00264449484021193940	0.00264449484021193940	0.00264449484021193940	0.00264449484021193940	0.00264449484021193940	0.00264449484021193940	0.00264449484021193940	-0.59557032360463080000	0.56312159722384070000	-0.00514705512354438200	-0.00514705512354438200	-0.00514705512354438200	-0.00514705512354438200	-0.00514705512354438200	-0.00514705512354438200	-0.00514705512354438200;
0.02821266672153823300	-0.10627658984971136000	-0.10627658984971136000	0.00264449484021193940	0.00264449484021193940	0.00264449484021193940	0.00264449484021193940	0.00264449484021193940	-0.21535099895427662000	0.00264449484021193940	0.00264449484021193940	0.00264449484021193940	0.00264449484021193940	0.00264449484021193940	0.00264449484021193940	0.00264449484021193940	0.00264449484021193940	0.00264449484021193940	0.00264449484021193940	-0.59557032360463080000	0.56312159722384070000	-0.00514705512354438200	-0.00514705512354438200	-0.00514705512354438200	-0.00514705512354438200	-0.00514705512354438200	-0.00514705512354438200	-0.00514705512354438200;
0.02821266672153823300	-0.10627658984971136000	-0.10627658984971136000	0.00264449484021193940	0.00264449484021193940	0.00264449484021193940	0.00264449484021193940	0.00264449484021193940	-0.21535099895427662000	0.00264449484021193940	0.00264449484021193940	0.00264449484021193940	0.00264449484021193940	0.00264449484021193940	0.00264449484021193940	0.00264449484021193940	0.00264449484021193940	0.00264449484021193940	0.00264449484021193940	-0.59557032360463080000	0.56312159722384070000	-0.00514705512354438200	-0.00514705512354438200	-0.00514705512354438200	-0.00514705512354438200	-0.00514705512354438200	-0.00514705512354438200	-0.00514705512354438200;
0.02821266672153823300	-0.10627658984971136000	-0.10627658984971136000	0.00264449484021193940	0.00264449484021193940	0.00264449484021193940	0.00264449484021193940	0.00264449484021193940	-0.21535099895427662000	0.00264449484021193940	0.00264449484021193940	0.00264449484021193940	0.00264449484021193940	0.00264449484021193940	0.00264449484021193940	0.00264449484021193940	0.00264449484021193940	0.00264449484021193940	0.00264449484021193940	-0.59557032360463080000	0.56312159722384070000	-0.00514705512354438200	-0.00514705512354438200	-0.00514705512354438200	-0.00514705512354438200	-0.00514705512354438200	-0.00514705512354438200	-0.00514705512354438200;
0.02821266672153823300	-0.10627658984971136000	-0.10627658984971136000	0.00264449484021193940	0.00264449484021193940	0.00264449484021193940	0.00264449484021193940	0.00264449484021193940	-0.21535099895427662000	0.00264449484021193940	0.00264449484021193940	0.00264449484021193940	0.00264449484021193940	0.00264449484021193940	0.00264449484021193940	0.00264449484021193940	0.00264449484021193940	0.00264449484021193940	0.00264449484021193940	-0.59557032360463080000	0.56312159722384070000	-0.00514705512354438200	-0.00514705512354438200	-0.00514705512354438200	-0.00514705512354438200	-0.00514705512354438200	-0.00514705512354438200	-0.00514705512354438200;
0.02821266672153823300	-0.10627658984971136000	-0.10627658984971136000	0.00264449484021193940	0.00264449484021193940	0.00264449484021193940	0.00264449484021193940	0.00264449484021193940	-0.21535099895427662000	0.00264449484021193940	0.00264449484021193940	0.00264449484021193940	0.00264449484021193940	0.00264449484021193940	0.00264449484021193940	0.00264449484021193940	0.00264449484021193940	0.00264449484021193940	0.00264449484021193940	-0.59557032360463080000	0.56312159722384070000	-0.00514705512354438200	-0.00514705512354438200	-0.00514705512354438200	-0.00514705512354438200	-0.00514705512354438200	-0.00514705512354438200	-0.00514705512354438200;
0.02821266672153823300	-0.10627658984971136000	-0.10627658984971136000	0.00264449484021193940	0.00264449484021193940	0.00264449484021193940	0.00264449484021193940	0.00264449484021193940	-0.21535099895427662000	0.00264449484021193940	0.00264449484021193940	0.00264449484021193940	0.00264449484021193940	0.00264449484021193940	0.00264449484021193940	0.00264449484021193940	0.00264449484021193940	0.00264449484021193940	0.00264449484021193940	-0.59557032360463080000	0.56312159722384070000	-0.00514705512354438200	-0.00514705512354438200	-0.00514705512354438200	-0.00514705512354438200	-0.00514705512354438200	-0.00514705512354438200	-0.00514705512354438200;
0.02821266672153823300	-0.10627658984971136000	-0.10627658984971136000	0.00264449484021193940	0.00264449484021193940	0.00264449484021193940	0.00264449484021193940	0.00264449484021193940	-0.21535099895427662000	0.00264449484021193940	0.00264449484021193940	0.00264449484021193940	0.00264449484021193940	0.00264449484021193940	0.00264449484021193940	0.00264449484021193940	0.00264449484021193940	0.00264449484021193940	0.00264449484021193940	-0.59557032360463080000	0.56312159722384070000	-0.00514705512354438200	-0.00514705512354438200	-0.00514705512354438200	-0.00514705512354438200	-0.00514705512354438200	-0.00514705512354438200	-0.00514705512354438200;
0.02821266672153823300	-0.10627658984971136000	-0.10627658984971136000	0.00264449484021193940	0.00264449484021193940	0.00264449484021193940	0.00264449484021193940	0.00264449484021193940	-0.21535099895427662000	0.00264449484021193940	0.00264449484021193940	0.00264449484021193940	0.00264449484021193940	0.00264449484021193940	0.00264449484021193940	0.00264449484021193940	0.00264449484021193940	0.00264449484021193940	0.00264449484021193940	-0.59557032360463080000	0.56312159722384070000	-0.00514705512354438200	-0.00514705512354438200	-0.00514705512354438200	-0.00514705512354438200	-0.00514705512354438200	-0.00514705512354438200	-0.00514705512354438200;
0.02821266672153823300	-0.10627658984971136000	-0.10627658984971136000	0.00264449484021193940	0.00264449484021193940	0.00264449484021193940	0.00264449484021193940	0.00264449484021193940	-0.21535099895427662000	0.00264449484021193940	0.00264449484021193940	0.00264449484021193940	0.00264449484021193940	0.00264449484021193940	0.00264449484021193940	0.00264449484021193940	0.00264449484021193940	0.00264449484021193940	0.00264449484021193940	-0.59557032360463080000	0.56312159722384070000	-0.00514705512354438200	-0.00514705512354438200	-0.00514705512354438200	-0.00514705512354438200	-0.00514705512354438200	-0.00514705512354438200	-0.00514705512354438200;
0.02821266672153823300	-0.10627658984971136000	-0.10627658984971136000	0.00264449484021193940	0.00264449484021193940	0.00264449484021193940	0.00264449484021193940	0.00264449484021193940	-0.21535099895427662000	0.00264449484021193940	0.00264449484021193940	0.00264449484021193940	0.00264449484021193940	0.00264449484021193940	0.00264449484021193940	0.00264449484021193940	0.00264449484021193940	0.00264449484021193940	0.00264449484021193940	-0.59557032360463080000	0.56312159722384070000	-0.00514705512354438200	-0.00514705512354438200	-0.00514705512354438200	-0.00514705512354438200	-0.00514705512354438200	-0.00514705512354438200	-0.00514705512354438200;
0.02821266672153823300	-0.10627658984971136000	-0.10627658984971136000	0.00264449484021193940	0.00264449484021193940	0.00264449484021193940	0.00264449484021193940	0.00264449484021193940	-0.21535099895427662000	0.00264449484021193940	0.00264449484021193940	0.00264449484021193940	0.00264449484021193940	0.00264449484021193940	0.00264449484021193940	0.00264449484021193940	0.00264449484021193940	0.00264449484021193940	0.00264449484021193940	-0.59557032360463080000	0.56312159722384070000	-0.00514705512354438200	-0.00514705512354438200	-0.00514705512354438200	-0.00514705512354438200	-0.00514705512354438200	-0.00514705512354438200	-0.00514705512354438200;
0.02821266672153823300	-0.10627658984971136000	-0.10627658984971136000	0.00264449484021193940	0.00264449484021193940	0.00264449484021193940	0.00264449484021193940	0.00264449484021193940	-0.21535099895427662000	0.00264449484021193940	0.00264449484021193940	0.00264449484021193940	0.00264449484021193940	0.00264449484021193940	0.00264449484021193940	0.00264449484021193940	0.00264449484021193940	0.00264449484021193940	0.00264449484021193940	-0.59557032360463080000	0.56312159722384070000	-0.00514705512354438200	-0.00514705512354438200	-0.00514705512354438200	-0.00514705512354438200	-0.00514705512354438200	-0.00514705512354438200	-0.00514705512354438200;
0.02821266672153823300	-0.10627658984971136000	-0.10627658984971136000	0.00264449484021193940	0.00264449484021193940	0.00264449484021193940	0.00264449484021193940	0.00264449484021193940	-0.21535099895427662000	0.00264449484021193940	0.00264449484021193940	0.00264449484021193940	0.00264449484021193940	0.00264449484021193940	0.00264449484021193940	0.00264449484021193940	0.00264449484021193940	0.00264449484021193940	0.00264449484021193940	-0.59557032360463080000	0.56312159722384070000	-0.00514705512354438200	-0.00514705512354438200	-0.00514705512354438200	-0.00514705512354438200	-0.00514705512354438200	-0.00514705512354438200	-0.00514705512354438200;
0.02821266672153823300	-0.10627658984971136000	-0.10627658984971136000	0.00264449484021193940	0.00264449484021193940	0.00264449484021193940	0.00264449484021193940	0.00264449484021193940	-0.21535099895427662000	0.00264449484021193940	0.00264449484021193940	0.00264449484021193940	0.00264449484021193940	0.00264449484021193940	0.00264449484021193940	0.00264449484021193940	0.00264449484021193940	0.00264449484021193940	0.00264449484021193940	-0.59557032360463080000	0.56312159722384070000	-0.00514705512354438200	-0.00514705512354438200	-0.00514705512354438200	-0.00514705512354438200	-0.00514705512354438200	-0.00514705512354438200	-0.00514705512354438200;
################################################################################################################################################################################################################################################################################################################################################################################################################################################################################################################################################################################
4.66383766044357300000	4.66383766044357300000	4.66383766044357300000	4.66383766044357300000	4.66383766044357300000	4.66383766044357300000	4.66383766044357300000	4.66383766044357300000	4.66383766044357300000	4.66383766044357300000	4.66383766044357300000	4.66383766044357300000	4.66383766044357300000	4.66383766044357300000	4.66383766044357300000;
4.66423559040484100000	4.66423559040484100000	4.66423559040484100000	4.66423559040484100000	4.66423559040484100000	4.66423559040484100000	4.66423559040484100000	4.66423559040484100000	4.66423559040484100000	4.66423559040484100000	4.66423559040484100000	4.66423559040484100000	4.66423559040484100000	4.66423559040484100000	4.66423559040484100000;
4.66447493772106550000	4.66447493772106550000	4.66447493772106550000	4.66447493772106550000	4.66447493772106550000	4.66447493772106550000	4.66447493772106550000	4.66447493772106550000	4.66447493772106550000	4.66447493772106550000	4.66447493772106550000	4.66447493772106550000	4.66447493772106550000	4.66447493772106550000	4.66447493772106550000;
4.66474031910067750000	4.66474031910067750000	4.66474031910067750000	4.66474031910067750000	4.66474031910067750000	4.66474031910067750000	4.66474031910067750000	4.66474031910067750000	4.66474031910067750000	4.66474031910067750000	4.66474031910067750000	4.66474031910067750000	4.66474031910067750000	4.66474031910067750000	4.66474031910067750000;
4.66506631051936400000	4.66506631051936400000	4.66506631051936400000	4.66506631051936400000	4.66506631051936400000	4.66506631051936400000	4.66506631051936400000	4.66506631051936400000	4.66506631051936400000	4.66506631051936400000	4.66506631051936400000	4.66506631051936400000	4.66506631051936400000	4.66506631051936400000	4.66506631051936400000;
4.66536862821933900000	4.66536862821933900000	4.66536862821933900000	4.66536862821933900000	4.66536862821933900000	4.66536862821933900000	4.66536862821933900000	4.66536862821933900000	4.66536862821933900000	4.66536862821933900000	4.66536862821933900000	4.66536862821933900000	4.66536862821933900000	4.66536862821933900000	4.66536862821933900000;
4.66546516774926700000	4.66546516774926700000	4.66546516774926700000	4.66546516774926700000	4.66546516774926700000	4.66546516774926700000	4.66546516774926700000	4.66546516774926700000	4.66546516774926700000	4.66546516774926700000	4.66546516774926700000	4.66546516774926700000	4.66546516774926700000	4.66546516774926700000	4.66546516774926700000;
4.66569589017294000000	4.66569589017294000000	4.66569589017294000000	4.66569589017294000000	4.66569589017294000000	4.66569589017294000000	4.66569589017294000000	4.66569589017294000000	4.66569589017294000000	4.66569589017294000000	4.66569589017294000000	4.66569589017294000000	4.66569589017294000000	4.66569589017294000000	4.66569589017294000000;
4.66604503640414950000	4.66604503640414950000	4.66604503640414950000	4.66604503640414950000	4.66604503640414950000	4.66604503640414950000	4.66604503640414950000	4.66604503640414950000	4.66604503640414950000	4.66604503640414950000	4.66604503640414950000	4.66604503640414950000	4.66604503640414950000	4.66604503640414950000	4.66604503640414950000;
4.66346970632045700000	4.66346970632045700000	4.66346970632045700000	4.66346970632045700000	4.66346970632045700000	4.66346970632045700000	4.66346970632045700000	4.66346970632045700000	4.66346970632045700000	4.66346970632045700000	4.66346970632045700000	4.66346970632045700000	4.66346970632045700000	4.66346970632045700000	4.66346970632045700000;
********************************************************************************************************************************************************************************************************************************************************************************************************************************************************************************************************************************************************************************************************************************************************************************
