$3$9$9$
###################################################################################################
0.1 0.1 0.1 0.1 0.1 0.1 0.1 0.1 0.1;
0.1 0.1 0.1 0.1 0.1 0.1 0.1 0.1 0.1;
0.1 0.1 0.1 0.1 0.1 0.1 0.1 0.1 0.1;
0.1 0.1 0.1 0.1 0.1 0.1 0.1 0.1 0.1;
0.1 0.1 0.1 0.1 0.1 0.1 0.1 0.1 0.1;
0.1 0.1 0.1 0.1 0.1 0.1 0.1 0.1 0.1;
0.1 0.1 0.1 0.1 0.1 0.1 0.1 0.1 0.1;
0.1 0.1 0.1 0.1 0.1 0.1 0.1 0.1 0.1;
0.1 0.1 0.1 0.1 0.1 0.1 0.1 0.1 0.1;
###################################################################################################
0.1 0.1 0.1 0.1 0.1 0.1 0.1 0.1 0.1;
0.1 0.1 0.1 0.1 0.1 0.1 0.1 0.1 0.1;
0.1 0.1 0.1 0.1 0.1 0.1 0.1 0.1 0.1;
0.1 0.1 0.1 0.1 0.1 0.1 0.1 0.1 0.1;
0.1 0.1 0.1 0.1 0.1 0.1 0.1 0.1 0.1;
0.1 0.1 0.1 0.1 0.1 0.1 0.1 0.1 0.1;
0.1 0.1 0.1 0.1 0.1 0.1 0.1 0.1 0.1;
0.1 0.1 0.1 0.1 0.1 0.1 0.1 0.1 0.1;
0.1 0.1 0.1 0.1 0.1 0.1 0.1 0.1 0.1;
###################################################################################################
0.1 0.1 0.1 0.1 0.1 0.1 0.1 0.1 0.1;
0.1 0.1 0.1 0.1 0.1 0.1 0.1 0.1 0.1;
0.1 0.1 0.1 0.1 0.1 0.1 0.1 0.1 0.1;
0.1 0.1 0.1 0.1 0.1 0.1 0.1 0.1 0.1;
0.1 0.1 0.1 0.1 0.1 0.1 0.1 0.1 0.1;
0.1 0.1 0.1 0.1 0.1 0.1 0.1 0.1 0.1;
0.1 0.1 0.1 0.1 0.1 0.1 0.1 0.1 0.1;
0.1 0.1 0.1 0.1 0.1 0.1 0.1 0.1 0.1;
0.1 0.1 0.1 0.1 0.1 0.1 0.1 0.1 0.1;
***************************************************************************************************
